/*--------------------------------*- C++ -*----------------------------------*\
| =========                 |                                                 |
| \\      /  F ield         | foam-extend: Open Source CFD                    |
|  \\    /   O peration     | Version:     4.0                                |
|   \\  /    A nd           | Web:         http://www.foam-extend.org         |
|    \\/     M anipulation  |                                                 |
\*---------------------------------------------------------------------------*/
FoamFile
{
    version     2.0;
    format      ascii;
    class       faceList;
    location    "constant/polyMesh";
    object      faces;
}
// * * * * * * * * * * * * * * * * * * * * * * * * * * * * * * * * * * * * * //


1704
(
4(1 6 16 11)
4(10 11 16 15)
4(2 7 17 12)
4(11 12 17 16)
4(3 8 18 13)
4(12 13 18 17)
4(13 14 19 18)
4(11 16 26 21)
4(20 21 26 25)
4(12 17 27 22)
4(21 22 27 26)
4(13 18 28 23)
4(22 23 28 27)
4(23 24 29 28)
4(21 26 36 31)
4(30 31 36 35)
4(22 27 37 32)
4(31 32 37 36)
4(23 28 38 33)
4(32 33 38 37)
4(33 34 39 38)
4(31 36 46 41)
4(40 41 46 45)
4(32 37 47 42)
4(41 42 47 46)
4(33 38 48 43)
4(42 43 48 47)
4(43 44 49 48)
4(41 46 56 51)
4(50 51 56 55)
4(42 47 57 52)
4(51 52 57 56)
4(43 48 58 53)
4(52 53 58 57)
4(53 54 59 58)
4(51 56 66 61)
4(60 61 66 65)
4(52 57 67 62)
4(61 62 67 66)
4(53 58 68 63)
4(62 63 68 67)
4(63 64 69 68)
4(61 66 76 71)
4(70 71 76 75)
4(62 67 77 72)
4(71 72 77 76)
4(63 68 78 73)
4(72 73 78 77)
4(73 74 79 78)
4(71 76 86 81)
4(80 81 86 85)
4(72 77 87 82)
4(81 82 87 86)
4(73 78 88 83)
4(82 83 88 87)
4(83 84 89 88)
4(81 86 96 91)
4(90 91 96 95)
4(82 87 97 92)
4(91 92 97 96)
4(83 88 98 93)
4(92 93 98 97)
4(93 94 99 98)
4(91 96 106 101)
4(100 101 106 105)
4(92 97 107 102)
4(101 102 107 106)
4(93 98 108 103)
4(102 103 108 107)
4(103 104 109 108)
4(101 106 116 111)
4(110 111 116 115)
4(102 107 117 112)
4(111 112 117 116)
4(103 108 118 113)
4(112 113 118 117)
4(113 114 119 118)
4(111 116 126 121)
4(120 121 126 125)
4(112 117 127 122)
4(121 122 127 126)
4(113 118 128 123)
4(122 123 128 127)
4(123 124 129 128)
4(121 126 136 131)
4(130 131 136 135)
4(122 127 137 132)
4(131 132 137 136)
4(123 128 138 133)
4(132 133 138 137)
4(133 134 139 138)
4(131 136 146 141)
4(140 141 146 145)
4(132 137 147 142)
4(141 142 147 146)
4(133 138 148 143)
4(142 143 148 147)
4(143 144 149 148)
4(141 146 156 151)
4(150 151 156 155)
4(142 147 157 152)
4(151 152 157 156)
4(143 148 158 153)
4(152 153 158 157)
4(153 154 159 158)
4(151 156 166 161)
4(160 161 166 165)
4(152 157 167 162)
4(161 162 167 166)
4(153 158 168 163)
4(162 163 168 167)
4(163 164 169 168)
4(161 166 176 171)
4(170 171 176 175)
4(162 167 177 172)
4(171 172 177 176)
4(163 168 178 173)
4(172 173 178 177)
4(173 174 179 178)
4(171 176 186 181)
4(180 181 186 185)
4(172 177 187 182)
4(181 182 187 186)
4(173 178 188 183)
4(182 183 188 187)
4(183 184 189 188)
4(181 186 196 191)
4(190 191 196 195)
4(182 187 197 192)
4(191 192 197 196)
4(183 188 198 193)
4(192 193 198 197)
4(193 194 199 198)
4(191 196 206 201)
4(200 201 206 205)
4(192 197 207 202)
4(201 202 207 206)
4(193 198 208 203)
4(202 203 208 207)
4(203 204 209 208)
4(201 206 216 211)
4(210 211 216 215)
4(202 207 217 212)
4(211 212 217 216)
4(203 208 218 213)
4(212 213 218 217)
4(213 214 219 218)
4(211 216 226 221)
4(220 221 226 225)
4(212 217 227 222)
4(221 222 227 226)
4(213 218 228 223)
4(222 223 228 227)
4(223 224 229 228)
4(221 226 236 231)
4(230 231 236 235)
4(222 227 237 232)
4(231 232 237 236)
4(223 228 238 233)
4(232 233 238 237)
4(233 234 239 238)
4(231 236 246 241)
4(240 241 246 245)
4(232 237 247 242)
4(241 242 247 246)
4(233 238 248 243)
4(242 243 248 247)
4(243 244 249 248)
4(241 246 256 251)
4(250 251 256 255)
4(242 247 257 252)
4(251 252 257 256)
4(243 248 258 253)
4(252 253 258 257)
4(253 254 259 258)
4(251 256 266 261)
4(260 261 266 265)
4(252 257 267 262)
4(261 262 267 266)
4(253 258 268 263)
4(262 263 268 267)
4(263 264 269 268)
4(261 266 276 271)
4(270 271 276 275)
4(262 267 277 272)
4(271 272 277 276)
4(263 268 278 273)
4(272 273 278 277)
4(273 274 279 278)
4(271 276 286 281)
4(280 281 286 285)
4(272 277 287 282)
4(281 282 287 286)
4(273 278 288 283)
4(282 283 288 287)
4(283 284 289 288)
4(281 286 296 291)
4(290 291 296 295)
4(282 287 297 292)
4(291 292 297 296)
4(283 288 298 293)
4(292 293 298 297)
4(293 294 299 298)
4(291 296 306 301)
4(300 301 306 305)
4(292 297 307 302)
4(301 302 307 306)
4(293 298 308 303)
4(302 303 308 307)
4(303 304 309 308)
4(301 306 316 311)
4(310 311 316 315)
4(302 307 317 312)
4(311 312 317 316)
4(303 308 318 313)
4(312 313 318 317)
4(313 314 319 318)
4(311 316 326 321)
4(320 321 326 325)
4(312 317 327 322)
4(321 322 327 326)
4(313 318 328 323)
4(322 323 328 327)
4(323 324 329 328)
4(321 326 336 331)
4(330 331 336 335)
4(322 327 337 332)
4(331 332 337 336)
4(323 328 338 333)
4(332 333 338 337)
4(333 334 339 338)
4(331 336 346 341)
4(340 341 346 345)
4(332 337 347 342)
4(341 342 347 346)
4(333 338 348 343)
4(342 343 348 347)
4(343 344 349 348)
4(341 346 356 351)
4(350 351 356 355)
4(342 347 357 352)
4(351 352 357 356)
4(343 348 358 353)
4(352 353 358 357)
4(353 354 359 358)
4(351 356 366 361)
4(360 361 366 365)
4(352 357 367 362)
4(361 362 367 366)
4(353 358 368 363)
4(362 363 368 367)
4(363 364 369 368)
4(361 366 376 371)
4(370 371 376 375)
4(362 367 377 372)
4(371 372 377 376)
4(363 368 378 373)
4(372 373 378 377)
4(373 374 379 378)
4(371 376 386 381)
4(380 381 386 385)
4(372 377 387 382)
4(381 382 387 386)
4(373 378 388 383)
4(382 383 388 387)
4(383 384 389 388)
4(381 386 396 391)
4(390 391 396 395)
4(382 387 397 392)
4(391 392 397 396)
4(383 388 398 393)
4(392 393 398 397)
4(393 394 399 398)
4(391 396 406 401)
4(400 401 406 405)
4(392 397 407 402)
4(401 402 407 406)
4(393 398 408 403)
4(402 403 408 407)
4(403 404 409 408)
4(401 406 416 411)
4(410 411 416 415)
4(402 407 417 412)
4(411 412 417 416)
4(403 408 418 413)
4(412 413 418 417)
4(413 414 419 418)
4(411 416 426 421)
4(420 421 426 425)
4(412 417 427 422)
4(421 422 427 426)
4(413 418 428 423)
4(422 423 428 427)
4(423 424 429 428)
4(421 426 436 431)
4(430 431 436 435)
4(422 427 437 432)
4(431 432 437 436)
4(423 428 438 433)
4(432 433 438 437)
4(433 434 439 438)
4(431 436 446 441)
4(440 441 446 445)
4(432 437 447 442)
4(441 442 447 446)
4(433 438 448 443)
4(442 443 448 447)
4(443 444 449 448)
4(441 446 456 451)
4(450 451 456 455)
4(442 447 457 452)
4(451 452 457 456)
4(443 448 458 453)
4(452 453 458 457)
4(453 454 459 458)
4(451 456 466 461)
4(460 461 466 465)
4(452 457 467 462)
4(461 462 467 466)
4(453 458 468 463)
4(462 463 468 467)
4(463 464 469 468)
4(461 466 476 471)
4(470 471 476 475)
4(462 467 477 472)
4(471 472 477 476)
4(463 468 478 473)
4(472 473 478 477)
4(473 474 479 478)
4(471 476 486 481)
4(480 481 486 485)
4(472 477 487 482)
4(481 482 487 486)
4(473 478 488 483)
4(482 483 488 487)
4(483 484 489 488)
4(481 486 496 491)
4(490 491 496 495)
4(482 487 497 492)
4(491 492 497 496)
4(483 488 498 493)
4(492 493 498 497)
4(493 494 499 498)
4(491 496 506 501)
4(500 501 506 505)
4(492 497 507 502)
4(501 502 507 506)
4(493 498 508 503)
4(502 503 508 507)
4(503 504 509 508)
4(501 506 516 511)
4(510 511 516 515)
4(502 507 517 512)
4(511 512 517 516)
4(503 508 518 513)
4(512 513 518 517)
4(513 514 519 518)
4(511 516 526 521)
4(520 521 526 525)
4(512 517 527 522)
4(521 522 527 526)
4(513 518 528 523)
4(522 523 528 527)
4(523 524 529 528)
4(521 526 536 531)
4(530 531 536 535)
4(522 527 537 532)
4(531 532 537 536)
4(523 528 538 533)
4(532 533 538 537)
4(533 534 539 538)
4(531 536 546 541)
4(540 541 546 545)
4(532 537 547 542)
4(541 542 547 546)
4(533 538 548 543)
4(542 543 548 547)
4(543 544 549 548)
4(541 546 556 551)
4(550 551 556 555)
4(542 547 557 552)
4(551 552 557 556)
4(543 548 558 553)
4(552 553 558 557)
4(553 554 559 558)
4(551 556 566 561)
4(560 561 566 565)
4(552 557 567 562)
4(561 562 567 566)
4(553 558 568 563)
4(562 563 568 567)
4(563 564 569 568)
4(561 566 576 571)
4(570 571 576 575)
4(562 567 577 572)
4(571 572 577 576)
4(563 568 578 573)
4(572 573 578 577)
4(573 574 579 578)
4(571 576 586 581)
4(580 581 586 585)
4(572 577 587 582)
4(581 582 587 586)
4(573 578 588 583)
4(582 583 588 587)
4(583 584 589 588)
4(581 586 596 591)
4(590 591 596 595)
4(582 587 597 592)
4(591 592 597 596)
4(583 588 598 593)
4(592 593 598 597)
4(593 594 599 598)
4(591 596 606 601)
4(600 601 606 605)
4(592 597 607 602)
4(601 602 607 606)
4(593 598 608 603)
4(602 603 608 607)
4(603 604 609 608)
4(601 606 616 611)
4(610 611 616 615)
4(602 607 617 612)
4(611 612 617 616)
4(603 608 618 613)
4(612 613 618 617)
4(613 614 619 618)
4(611 616 626 621)
4(620 621 626 625)
4(612 617 627 622)
4(621 622 627 626)
4(613 618 628 623)
4(622 623 628 627)
4(623 624 629 628)
4(621 626 636 631)
4(630 631 636 635)
4(622 627 637 632)
4(631 632 637 636)
4(623 628 638 633)
4(632 633 638 637)
4(633 634 639 638)
4(631 636 646 641)
4(640 641 646 645)
4(632 637 647 642)
4(641 642 647 646)
4(633 638 648 643)
4(642 643 648 647)
4(643 644 649 648)
4(641 646 656 651)
4(650 651 656 655)
4(642 647 657 652)
4(651 652 657 656)
4(643 648 658 653)
4(652 653 658 657)
4(653 654 659 658)
4(651 656 666 661)
4(660 661 666 665)
4(652 657 667 662)
4(661 662 667 666)
4(653 658 668 663)
4(662 663 668 667)
4(663 664 669 668)
4(661 666 676 671)
4(670 671 676 675)
4(662 667 677 672)
4(671 672 677 676)
4(663 668 678 673)
4(672 673 678 677)
4(673 674 679 678)
4(671 676 686 681)
4(680 681 686 685)
4(672 677 687 682)
4(681 682 687 686)
4(673 678 688 683)
4(682 683 688 687)
4(683 684 689 688)
4(681 686 696 691)
4(690 691 696 695)
4(682 687 697 692)
4(691 692 697 696)
4(683 688 698 693)
4(692 693 698 697)
4(693 694 699 698)
4(691 696 706 701)
4(700 701 706 705)
4(692 697 707 702)
4(701 702 707 706)
4(693 698 708 703)
4(702 703 708 707)
4(703 704 709 708)
4(701 706 716 711)
4(710 711 716 715)
4(702 707 717 712)
4(711 712 717 716)
4(703 708 718 713)
4(712 713 718 717)
4(713 714 719 718)
4(711 716 726 721)
4(720 721 726 725)
4(712 717 727 722)
4(721 722 727 726)
4(713 718 728 723)
4(722 723 728 727)
4(723 724 729 728)
4(721 726 736 731)
4(730 731 736 735)
4(722 727 737 732)
4(731 732 737 736)
4(723 728 738 733)
4(732 733 738 737)
4(733 734 739 738)
4(731 736 746 741)
4(740 741 746 745)
4(732 737 747 742)
4(741 742 747 746)
4(733 738 748 743)
4(742 743 748 747)
4(743 744 749 748)
4(741 746 756 751)
4(750 751 756 755)
4(742 747 757 752)
4(751 752 757 756)
4(743 748 758 753)
4(752 753 758 757)
4(753 754 759 758)
4(751 756 766 761)
4(760 761 766 765)
4(752 757 767 762)
4(761 762 767 766)
4(753 758 768 763)
4(762 763 768 767)
4(763 764 769 768)
4(761 766 776 771)
4(770 771 776 775)
4(762 767 777 772)
4(771 772 777 776)
4(763 768 778 773)
4(772 773 778 777)
4(773 774 779 778)
4(771 776 786 781)
4(780 781 786 785)
4(772 777 787 782)
4(781 782 787 786)
4(773 778 788 783)
4(782 783 788 787)
4(783 784 789 788)
4(781 786 796 791)
4(790 791 796 795)
4(782 787 797 792)
4(791 792 797 796)
4(783 788 798 793)
4(792 793 798 797)
4(793 794 799 798)
4(791 796 806 801)
4(800 801 806 805)
4(792 797 807 802)
4(801 802 807 806)
4(793 798 808 803)
4(802 803 808 807)
4(803 804 809 808)
4(801 806 816 811)
4(810 811 816 815)
4(802 807 817 812)
4(811 812 817 816)
4(803 808 818 813)
4(812 813 818 817)
4(813 814 819 818)
4(811 816 826 821)
4(820 821 826 825)
4(812 817 827 822)
4(821 822 827 826)
4(813 818 828 823)
4(822 823 828 827)
4(823 824 829 828)
4(821 826 836 831)
4(830 831 836 835)
4(822 827 837 832)
4(831 832 837 836)
4(823 828 838 833)
4(832 833 838 837)
4(833 834 839 838)
4(831 836 846 841)
4(840 841 846 845)
4(832 837 847 842)
4(841 842 847 846)
4(833 838 848 843)
4(842 843 848 847)
4(843 844 849 848)
4(841 846 856 851)
4(850 851 856 855)
4(842 847 857 852)
4(851 852 857 856)
4(843 848 858 853)
4(852 853 858 857)
4(853 854 859 858)
4(851 856 866 861)
4(860 861 866 865)
4(852 857 867 862)
4(861 862 867 866)
4(853 858 868 863)
4(862 863 868 867)
4(863 864 869 868)
4(861 866 876 871)
4(870 871 876 875)
4(862 867 877 872)
4(871 872 877 876)
4(863 868 878 873)
4(872 873 878 877)
4(873 874 879 878)
4(871 876 886 881)
4(880 881 886 885)
4(872 877 887 882)
4(881 882 887 886)
4(873 878 888 883)
4(882 883 888 887)
4(883 884 889 888)
4(881 886 896 891)
4(890 891 896 895)
4(882 887 897 892)
4(891 892 897 896)
4(883 888 898 893)
4(892 893 898 897)
4(893 894 899 898)
4(891 896 906 901)
4(900 901 906 905)
4(892 897 907 902)
4(901 902 907 906)
4(893 898 908 903)
4(902 903 908 907)
4(903 904 909 908)
4(901 906 916 911)
4(910 911 916 915)
4(902 907 917 912)
4(911 912 917 916)
4(903 908 918 913)
4(912 913 918 917)
4(913 914 919 918)
4(911 916 926 921)
4(920 921 926 925)
4(912 917 927 922)
4(921 922 927 926)
4(913 918 928 923)
4(922 923 928 927)
4(923 924 929 928)
4(921 926 936 931)
4(930 931 936 935)
4(922 927 937 932)
4(931 932 937 936)
4(923 928 938 933)
4(932 933 938 937)
4(933 934 939 938)
4(931 936 946 941)
4(940 941 946 945)
4(932 937 947 942)
4(941 942 947 946)
4(933 938 948 943)
4(942 943 948 947)
4(943 944 949 948)
4(941 946 956 951)
4(950 951 956 955)
4(942 947 957 952)
4(951 952 957 956)
4(943 948 958 953)
4(952 953 958 957)
4(953 954 959 958)
4(951 956 966 961)
4(960 961 966 965)
4(952 957 967 962)
4(961 962 967 966)
4(953 958 968 963)
4(962 963 968 967)
4(963 964 969 968)
4(961 966 976 971)
4(970 971 976 975)
4(962 967 977 972)
4(971 972 977 976)
4(963 968 978 973)
4(972 973 978 977)
4(973 974 979 978)
4(971 976 986 981)
4(980 981 986 985)
4(972 977 987 982)
4(981 982 987 986)
4(973 978 988 983)
4(982 983 988 987)
4(983 984 989 988)
4(981 986 996 991)
4(990 991 996 995)
4(982 987 997 992)
4(991 992 997 996)
4(983 988 998 993)
4(992 993 998 997)
4(993 994 999 998)
4(991 996 1006 1001)
4(992 997 1007 1002)
4(993 998 1008 1003)
4(0 10 15 5)
4(10 20 25 15)
4(20 30 35 25)
4(30 40 45 35)
4(40 50 55 45)
4(50 60 65 55)
4(60 70 75 65)
4(70 80 85 75)
4(80 90 95 85)
4(90 100 105 95)
4(100 110 115 105)
4(110 120 125 115)
4(120 130 135 125)
4(130 140 145 135)
4(140 150 155 145)
4(150 160 165 155)
4(160 170 175 165)
4(170 180 185 175)
4(180 190 195 185)
4(190 200 205 195)
4(200 210 215 205)
4(210 220 225 215)
4(220 230 235 225)
4(230 240 245 235)
4(240 250 255 245)
4(250 260 265 255)
4(260 270 275 265)
4(270 280 285 275)
4(280 290 295 285)
4(290 300 305 295)
4(300 310 315 305)
4(310 320 325 315)
4(320 330 335 325)
4(330 340 345 335)
4(340 350 355 345)
4(350 360 365 355)
4(360 370 375 365)
4(370 380 385 375)
4(380 390 395 385)
4(390 400 405 395)
4(400 410 415 405)
4(410 420 425 415)
4(420 430 435 425)
4(430 440 445 435)
4(440 450 455 445)
4(450 460 465 455)
4(460 470 475 465)
4(470 480 485 475)
4(480 490 495 485)
4(490 500 505 495)
4(500 510 515 505)
4(510 520 525 515)
4(520 530 535 525)
4(530 540 545 535)
4(540 550 555 545)
4(550 560 565 555)
4(560 570 575 565)
4(570 580 585 575)
4(580 590 595 585)
4(590 600 605 595)
4(600 610 615 605)
4(610 620 625 615)
4(620 630 635 625)
4(630 640 645 635)
4(640 650 655 645)
4(650 660 665 655)
4(660 670 675 665)
4(670 680 685 675)
4(680 690 695 685)
4(690 700 705 695)
4(700 710 715 705)
4(710 720 725 715)
4(720 730 735 725)
4(730 740 745 735)
4(740 750 755 745)
4(750 760 765 755)
4(760 770 775 765)
4(770 780 785 775)
4(780 790 795 785)
4(790 800 805 795)
4(800 810 815 805)
4(810 820 825 815)
4(820 830 835 825)
4(830 840 845 835)
4(840 850 855 845)
4(850 860 865 855)
4(860 870 875 865)
4(870 880 885 875)
4(880 890 895 885)
4(890 900 905 895)
4(900 910 915 905)
4(910 920 925 915)
4(920 930 935 925)
4(930 940 945 935)
4(940 950 955 945)
4(950 960 965 955)
4(960 970 975 965)
4(970 980 985 975)
4(980 990 995 985)
4(990 1000 1005 995)
4(1000 1001 1006 1005)
4(1001 1002 1007 1006)
4(1002 1003 1008 1007)
4(1003 1004 1009 1008)
4(4 9 19 14)
4(14 19 29 24)
4(24 29 39 34)
4(34 39 49 44)
4(44 49 59 54)
4(54 59 69 64)
4(64 69 79 74)
4(74 79 89 84)
4(84 89 99 94)
4(94 99 109 104)
4(104 109 119 114)
4(114 119 129 124)
4(124 129 139 134)
4(134 139 149 144)
4(144 149 159 154)
4(154 159 169 164)
4(164 169 179 174)
4(174 179 189 184)
4(184 189 199 194)
4(194 199 209 204)
4(204 209 219 214)
4(214 219 229 224)
4(224 229 239 234)
4(234 239 249 244)
4(244 249 259 254)
4(254 259 269 264)
4(264 269 279 274)
4(274 279 289 284)
4(284 289 299 294)
4(294 299 309 304)
4(304 309 319 314)
4(314 319 329 324)
4(324 329 339 334)
4(334 339 349 344)
4(344 349 359 354)
4(354 359 369 364)
4(364 369 379 374)
4(374 379 389 384)
4(384 389 399 394)
4(394 399 409 404)
4(404 409 419 414)
4(414 419 429 424)
4(424 429 439 434)
4(434 439 449 444)
4(444 449 459 454)
4(454 459 469 464)
4(464 469 479 474)
4(474 479 489 484)
4(484 489 499 494)
4(494 499 509 504)
4(504 509 519 514)
4(514 519 529 524)
4(524 529 539 534)
4(534 539 549 544)
4(544 549 559 554)
4(554 559 569 564)
4(564 569 579 574)
4(574 579 589 584)
4(584 589 599 594)
4(594 599 609 604)
4(604 609 619 614)
4(614 619 629 624)
4(624 629 639 634)
4(634 639 649 644)
4(644 649 659 654)
4(654 659 669 664)
4(664 669 679 674)
4(674 679 689 684)
4(684 689 699 694)
4(694 699 709 704)
4(704 709 719 714)
4(714 719 729 724)
4(724 729 739 734)
4(734 739 749 744)
4(744 749 759 754)
4(754 759 769 764)
4(764 769 779 774)
4(774 779 789 784)
4(784 789 799 794)
4(794 799 809 804)
4(804 809 819 814)
4(814 819 829 824)
4(824 829 839 834)
4(834 839 849 844)
4(844 849 859 854)
4(854 859 869 864)
4(864 869 879 874)
4(874 879 889 884)
4(884 889 899 894)
4(894 899 909 904)
4(904 909 919 914)
4(914 919 929 924)
4(924 929 939 934)
4(934 939 949 944)
4(944 949 959 954)
4(954 959 969 964)
4(964 969 979 974)
4(974 979 989 984)
4(984 989 999 994)
4(994 999 1009 1004)
4(0 5 6 1)
4(1 6 7 2)
4(2 7 8 3)
4(3 8 9 4)
4(0 1 11 10)
4(10 11 21 20)
4(20 21 31 30)
4(30 31 41 40)
4(40 41 51 50)
4(50 51 61 60)
4(60 61 71 70)
4(70 71 81 80)
4(80 81 91 90)
4(90 91 101 100)
4(100 101 111 110)
4(110 111 121 120)
4(120 121 131 130)
4(130 131 141 140)
4(140 141 151 150)
4(150 151 161 160)
4(160 161 171 170)
4(170 171 181 180)
4(180 181 191 190)
4(190 191 201 200)
4(200 201 211 210)
4(210 211 221 220)
4(220 221 231 230)
4(230 231 241 240)
4(240 241 251 250)
4(250 251 261 260)
4(260 261 271 270)
4(270 271 281 280)
4(280 281 291 290)
4(290 291 301 300)
4(300 301 311 310)
4(310 311 321 320)
4(320 321 331 330)
4(330 331 341 340)
4(340 341 351 350)
4(350 351 361 360)
4(360 361 371 370)
4(370 371 381 380)
4(380 381 391 390)
4(390 391 401 400)
4(400 401 411 410)
4(410 411 421 420)
4(420 421 431 430)
4(430 431 441 440)
4(440 441 451 450)
4(450 451 461 460)
4(460 461 471 470)
4(470 471 481 480)
4(480 481 491 490)
4(490 491 501 500)
4(500 501 511 510)
4(510 511 521 520)
4(520 521 531 530)
4(530 531 541 540)
4(540 541 551 550)
4(550 551 561 560)
4(560 561 571 570)
4(570 571 581 580)
4(580 581 591 590)
4(590 591 601 600)
4(600 601 611 610)
4(610 611 621 620)
4(620 621 631 630)
4(630 631 641 640)
4(640 641 651 650)
4(650 651 661 660)
4(1 2 12 11)
4(11 12 22 21)
4(21 22 32 31)
4(31 32 42 41)
4(41 42 52 51)
4(51 52 62 61)
4(61 62 72 71)
4(71 72 82 81)
4(81 82 92 91)
4(91 92 102 101)
4(101 102 112 111)
4(111 112 122 121)
4(121 122 132 131)
4(131 132 142 141)
4(141 142 152 151)
4(151 152 162 161)
4(161 162 172 171)
4(171 172 182 181)
4(181 182 192 191)
4(191 192 202 201)
4(201 202 212 211)
4(211 212 222 221)
4(221 222 232 231)
4(231 232 242 241)
4(241 242 252 251)
4(251 252 262 261)
4(261 262 272 271)
4(271 272 282 281)
4(281 282 292 291)
4(291 292 302 301)
4(301 302 312 311)
4(311 312 322 321)
4(321 322 332 331)
4(331 332 342 341)
4(341 342 352 351)
4(351 352 362 361)
4(361 362 372 371)
4(371 372 382 381)
4(381 382 392 391)
4(391 392 402 401)
4(401 402 412 411)
4(411 412 422 421)
4(421 422 432 431)
4(431 432 442 441)
4(441 442 452 451)
4(451 452 462 461)
4(461 462 472 471)
4(471 472 482 481)
4(481 482 492 491)
4(491 492 502 501)
4(501 502 512 511)
4(511 512 522 521)
4(521 522 532 531)
4(531 532 542 541)
4(541 542 552 551)
4(551 552 562 561)
4(561 562 572 571)
4(571 572 582 581)
4(581 582 592 591)
4(591 592 602 601)
4(601 602 612 611)
4(611 612 622 621)
4(621 622 632 631)
4(631 632 642 641)
4(641 642 652 651)
4(651 652 662 661)
4(2 3 13 12)
4(12 13 23 22)
4(22 23 33 32)
4(32 33 43 42)
4(42 43 53 52)
4(52 53 63 62)
4(62 63 73 72)
4(72 73 83 82)
4(82 83 93 92)
4(92 93 103 102)
4(102 103 113 112)
4(112 113 123 122)
4(122 123 133 132)
4(132 133 143 142)
4(142 143 153 152)
4(152 153 163 162)
4(162 163 173 172)
4(172 173 183 182)
4(182 183 193 192)
4(192 193 203 202)
4(202 203 213 212)
4(212 213 223 222)
4(222 223 233 232)
4(232 233 243 242)
4(242 243 253 252)
4(252 253 263 262)
4(262 263 273 272)
4(272 273 283 282)
4(282 283 293 292)
4(292 293 303 302)
4(302 303 313 312)
4(312 313 323 322)
4(322 323 333 332)
4(332 333 343 342)
4(342 343 353 352)
4(352 353 363 362)
4(362 363 373 372)
4(372 373 383 382)
4(382 383 393 392)
4(392 393 403 402)
4(402 403 413 412)
4(412 413 423 422)
4(422 423 433 432)
4(432 433 443 442)
4(442 443 453 452)
4(452 453 463 462)
4(462 463 473 472)
4(472 473 483 482)
4(482 483 493 492)
4(492 493 503 502)
4(502 503 513 512)
4(512 513 523 522)
4(522 523 533 532)
4(532 533 543 542)
4(542 543 553 552)
4(552 553 563 562)
4(562 563 573 572)
4(572 573 583 582)
4(582 583 593 592)
4(592 593 603 602)
4(602 603 613 612)
4(612 613 623 622)
4(622 623 633 632)
4(632 633 643 642)
4(642 643 653 652)
4(652 653 663 662)
4(3 4 14 13)
4(13 14 24 23)
4(23 24 34 33)
4(33 34 44 43)
4(43 44 54 53)
4(53 54 64 63)
4(63 64 74 73)
4(73 74 84 83)
4(83 84 94 93)
4(93 94 104 103)
4(103 104 114 113)
4(113 114 124 123)
4(123 124 134 133)
4(133 134 144 143)
4(143 144 154 153)
4(153 154 164 163)
4(163 164 174 173)
4(173 174 184 183)
4(183 184 194 193)
4(193 194 204 203)
4(203 204 214 213)
4(213 214 224 223)
4(223 224 234 233)
4(233 234 244 243)
4(243 244 254 253)
4(253 254 264 263)
4(263 264 274 273)
4(273 274 284 283)
4(283 284 294 293)
4(293 294 304 303)
4(303 304 314 313)
4(313 314 324 323)
4(323 324 334 333)
4(333 334 344 343)
4(343 344 354 353)
4(353 354 364 363)
4(363 364 374 373)
4(373 374 384 383)
4(383 384 394 393)
4(393 394 404 403)
4(403 404 414 413)
4(413 414 424 423)
4(423 424 434 433)
4(433 434 444 443)
4(443 444 454 453)
4(453 454 464 463)
4(463 464 474 473)
4(473 474 484 483)
4(483 484 494 493)
4(493 494 504 503)
4(503 504 514 513)
4(513 514 524 523)
4(523 524 534 533)
4(533 534 544 543)
4(543 544 554 553)
4(553 554 564 563)
4(563 564 574 573)
4(573 574 584 583)
4(583 584 594 593)
4(593 594 604 603)
4(603 604 614 613)
4(613 614 624 623)
4(623 624 634 633)
4(633 634 644 643)
4(643 644 654 653)
4(653 654 664 663)
4(660 661 671 670)
4(670 671 681 680)
4(680 681 691 690)
4(690 691 701 700)
4(700 701 711 710)
4(710 711 721 720)
4(720 721 731 730)
4(730 731 741 740)
4(740 741 751 750)
4(750 751 761 760)
4(760 761 771 770)
4(770 771 781 780)
4(780 781 791 790)
4(790 791 801 800)
4(800 801 811 810)
4(810 811 821 820)
4(820 821 831 830)
4(830 831 841 840)
4(840 841 851 850)
4(850 851 861 860)
4(860 861 871 870)
4(870 871 881 880)
4(880 881 891 890)
4(890 891 901 900)
4(900 901 911 910)
4(910 911 921 920)
4(920 921 931 930)
4(930 931 941 940)
4(940 941 951 950)
4(950 951 961 960)
4(960 961 971 970)
4(970 971 981 980)
4(980 981 991 990)
4(990 991 1001 1000)
4(661 662 672 671)
4(671 672 682 681)
4(681 682 692 691)
4(691 692 702 701)
4(701 702 712 711)
4(711 712 722 721)
4(721 722 732 731)
4(731 732 742 741)
4(741 742 752 751)
4(751 752 762 761)
4(761 762 772 771)
4(771 772 782 781)
4(781 782 792 791)
4(791 792 802 801)
4(801 802 812 811)
4(811 812 822 821)
4(821 822 832 831)
4(831 832 842 841)
4(841 842 852 851)
4(851 852 862 861)
4(861 862 872 871)
4(871 872 882 881)
4(881 882 892 891)
4(891 892 902 901)
4(901 902 912 911)
4(911 912 922 921)
4(921 922 932 931)
4(931 932 942 941)
4(941 942 952 951)
4(951 952 962 961)
4(961 962 972 971)
4(971 972 982 981)
4(981 982 992 991)
4(991 992 1002 1001)
4(662 663 673 672)
4(672 673 683 682)
4(682 683 693 692)
4(692 693 703 702)
4(702 703 713 712)
4(712 713 723 722)
4(722 723 733 732)
4(732 733 743 742)
4(742 743 753 752)
4(752 753 763 762)
4(762 763 773 772)
4(772 773 783 782)
4(782 783 793 792)
4(792 793 803 802)
4(802 803 813 812)
4(812 813 823 822)
4(822 823 833 832)
4(832 833 843 842)
4(842 843 853 852)
4(852 853 863 862)
4(862 863 873 872)
4(872 873 883 882)
4(882 883 893 892)
4(892 893 903 902)
4(902 903 913 912)
4(912 913 923 922)
4(922 923 933 932)
4(932 933 943 942)
4(942 943 953 952)
4(952 953 963 962)
4(962 963 973 972)
4(972 973 983 982)
4(982 983 993 992)
4(992 993 1003 1002)
4(663 664 674 673)
4(673 674 684 683)
4(683 684 694 693)
4(693 694 704 703)
4(703 704 714 713)
4(713 714 724 723)
4(723 724 734 733)
4(733 734 744 743)
4(743 744 754 753)
4(753 754 764 763)
4(763 764 774 773)
4(773 774 784 783)
4(783 784 794 793)
4(793 794 804 803)
4(803 804 814 813)
4(813 814 824 823)
4(823 824 834 833)
4(833 834 844 843)
4(843 844 854 853)
4(853 854 864 863)
4(863 864 874 873)
4(873 874 884 883)
4(883 884 894 893)
4(893 894 904 903)
4(903 904 914 913)
4(913 914 924 923)
4(923 924 934 933)
4(933 934 944 943)
4(943 944 954 953)
4(953 954 964 963)
4(963 964 974 973)
4(973 974 984 983)
4(983 984 994 993)
4(993 994 1004 1003)
4(5 15 16 6)
4(15 25 26 16)
4(25 35 36 26)
4(35 45 46 36)
4(45 55 56 46)
4(55 65 66 56)
4(65 75 76 66)
4(75 85 86 76)
4(85 95 96 86)
4(95 105 106 96)
4(105 115 116 106)
4(115 125 126 116)
4(125 135 136 126)
4(135 145 146 136)
4(145 155 156 146)
4(155 165 166 156)
4(165 175 176 166)
4(175 185 186 176)
4(185 195 196 186)
4(195 205 206 196)
4(205 215 216 206)
4(215 225 226 216)
4(225 235 236 226)
4(235 245 246 236)
4(245 255 256 246)
4(255 265 266 256)
4(265 275 276 266)
4(275 285 286 276)
4(285 295 296 286)
4(295 305 306 296)
4(305 315 316 306)
4(315 325 326 316)
4(325 335 336 326)
4(335 345 346 336)
4(345 355 356 346)
4(355 365 366 356)
4(365 375 376 366)
4(375 385 386 376)
4(385 395 396 386)
4(395 405 406 396)
4(405 415 416 406)
4(415 425 426 416)
4(425 435 436 426)
4(435 445 446 436)
4(445 455 456 446)
4(455 465 466 456)
4(465 475 476 466)
4(475 485 486 476)
4(485 495 496 486)
4(495 505 506 496)
4(505 515 516 506)
4(515 525 526 516)
4(525 535 536 526)
4(535 545 546 536)
4(545 555 556 546)
4(555 565 566 556)
4(565 575 576 566)
4(575 585 586 576)
4(585 595 596 586)
4(595 605 606 596)
4(605 615 616 606)
4(615 625 626 616)
4(625 635 636 626)
4(635 645 646 636)
4(645 655 656 646)
4(655 665 666 656)
4(6 16 17 7)
4(16 26 27 17)
4(26 36 37 27)
4(36 46 47 37)
4(46 56 57 47)
4(56 66 67 57)
4(66 76 77 67)
4(76 86 87 77)
4(86 96 97 87)
4(96 106 107 97)
4(106 116 117 107)
4(116 126 127 117)
4(126 136 137 127)
4(136 146 147 137)
4(146 156 157 147)
4(156 166 167 157)
4(166 176 177 167)
4(176 186 187 177)
4(186 196 197 187)
4(196 206 207 197)
4(206 216 217 207)
4(216 226 227 217)
4(226 236 237 227)
4(236 246 247 237)
4(246 256 257 247)
4(256 266 267 257)
4(266 276 277 267)
4(276 286 287 277)
4(286 296 297 287)
4(296 306 307 297)
4(306 316 317 307)
4(316 326 327 317)
4(326 336 337 327)
4(336 346 347 337)
4(346 356 357 347)
4(356 366 367 357)
4(366 376 377 367)
4(376 386 387 377)
4(386 396 397 387)
4(396 406 407 397)
4(406 416 417 407)
4(416 426 427 417)
4(426 436 437 427)
4(436 446 447 437)
4(446 456 457 447)
4(456 466 467 457)
4(466 476 477 467)
4(476 486 487 477)
4(486 496 497 487)
4(496 506 507 497)
4(506 516 517 507)
4(516 526 527 517)
4(526 536 537 527)
4(536 546 547 537)
4(546 556 557 547)
4(556 566 567 557)
4(566 576 577 567)
4(576 586 587 577)
4(586 596 597 587)
4(596 606 607 597)
4(606 616 617 607)
4(616 626 627 617)
4(626 636 637 627)
4(636 646 647 637)
4(646 656 657 647)
4(656 666 667 657)
4(7 17 18 8)
4(17 27 28 18)
4(27 37 38 28)
4(37 47 48 38)
4(47 57 58 48)
4(57 67 68 58)
4(67 77 78 68)
4(77 87 88 78)
4(87 97 98 88)
4(97 107 108 98)
4(107 117 118 108)
4(117 127 128 118)
4(127 137 138 128)
4(137 147 148 138)
4(147 157 158 148)
4(157 167 168 158)
4(167 177 178 168)
4(177 187 188 178)
4(187 197 198 188)
4(197 207 208 198)
4(207 217 218 208)
4(217 227 228 218)
4(227 237 238 228)
4(237 247 248 238)
4(247 257 258 248)
4(257 267 268 258)
4(267 277 278 268)
4(277 287 288 278)
4(287 297 298 288)
4(297 307 308 298)
4(307 317 318 308)
4(317 327 328 318)
4(327 337 338 328)
4(337 347 348 338)
4(347 357 358 348)
4(357 367 368 358)
4(367 377 378 368)
4(377 387 388 378)
4(387 397 398 388)
4(397 407 408 398)
4(407 417 418 408)
4(417 427 428 418)
4(427 437 438 428)
4(437 447 448 438)
4(447 457 458 448)
4(457 467 468 458)
4(467 477 478 468)
4(477 487 488 478)
4(487 497 498 488)
4(497 507 508 498)
4(507 517 518 508)
4(517 527 528 518)
4(527 537 538 528)
4(537 547 548 538)
4(547 557 558 548)
4(557 567 568 558)
4(567 577 578 568)
4(577 587 588 578)
4(587 597 598 588)
4(597 607 608 598)
4(607 617 618 608)
4(617 627 628 618)
4(627 637 638 628)
4(637 647 648 638)
4(647 657 658 648)
4(657 667 668 658)
4(8 18 19 9)
4(18 28 29 19)
4(28 38 39 29)
4(38 48 49 39)
4(48 58 59 49)
4(58 68 69 59)
4(68 78 79 69)
4(78 88 89 79)
4(88 98 99 89)
4(98 108 109 99)
4(108 118 119 109)
4(118 128 129 119)
4(128 138 139 129)
4(138 148 149 139)
4(148 158 159 149)
4(158 168 169 159)
4(168 178 179 169)
4(178 188 189 179)
4(188 198 199 189)
4(198 208 209 199)
4(208 218 219 209)
4(218 228 229 219)
4(228 238 239 229)
4(238 248 249 239)
4(248 258 259 249)
4(258 268 269 259)
4(268 278 279 269)
4(278 288 289 279)
4(288 298 299 289)
4(298 308 309 299)
4(308 318 319 309)
4(318 328 329 319)
4(328 338 339 329)
4(338 348 349 339)
4(348 358 359 349)
4(358 368 369 359)
4(368 378 379 369)
4(378 388 389 379)
4(388 398 399 389)
4(398 408 409 399)
4(408 418 419 409)
4(418 428 429 419)
4(428 438 439 429)
4(438 448 449 439)
4(448 458 459 449)
4(458 468 469 459)
4(468 478 479 469)
4(478 488 489 479)
4(488 498 499 489)
4(498 508 509 499)
4(508 518 519 509)
4(518 528 529 519)
4(528 538 539 529)
4(538 548 549 539)
4(548 558 559 549)
4(558 568 569 559)
4(568 578 579 569)
4(578 588 589 579)
4(588 598 599 589)
4(598 608 609 599)
4(608 618 619 609)
4(618 628 629 619)
4(628 638 639 629)
4(638 648 649 639)
4(648 658 659 649)
4(658 668 669 659)
4(665 675 676 666)
4(675 685 686 676)
4(685 695 696 686)
4(695 705 706 696)
4(705 715 716 706)
4(715 725 726 716)
4(725 735 736 726)
4(735 745 746 736)
4(745 755 756 746)
4(755 765 766 756)
4(765 775 776 766)
4(775 785 786 776)
4(785 795 796 786)
4(795 805 806 796)
4(805 815 816 806)
4(815 825 826 816)
4(825 835 836 826)
4(835 845 846 836)
4(845 855 856 846)
4(855 865 866 856)
4(865 875 876 866)
4(875 885 886 876)
4(885 895 896 886)
4(895 905 906 896)
4(905 915 916 906)
4(915 925 926 916)
4(925 935 936 926)
4(935 945 946 936)
4(945 955 956 946)
4(955 965 966 956)
4(965 975 976 966)
4(975 985 986 976)
4(985 995 996 986)
4(995 1005 1006 996)
4(666 676 677 667)
4(676 686 687 677)
4(686 696 697 687)
4(696 706 707 697)
4(706 716 717 707)
4(716 726 727 717)
4(726 736 737 727)
4(736 746 747 737)
4(746 756 757 747)
4(756 766 767 757)
4(766 776 777 767)
4(776 786 787 777)
4(786 796 797 787)
4(796 806 807 797)
4(806 816 817 807)
4(816 826 827 817)
4(826 836 837 827)
4(836 846 847 837)
4(846 856 857 847)
4(856 866 867 857)
4(866 876 877 867)
4(876 886 887 877)
4(886 896 897 887)
4(896 906 907 897)
4(906 916 917 907)
4(916 926 927 917)
4(926 936 937 927)
4(936 946 947 937)
4(946 956 957 947)
4(956 966 967 957)
4(966 976 977 967)
4(976 986 987 977)
4(986 996 997 987)
4(996 1006 1007 997)
4(667 677 678 668)
4(677 687 688 678)
4(687 697 698 688)
4(697 707 708 698)
4(707 717 718 708)
4(717 727 728 718)
4(727 737 738 728)
4(737 747 748 738)
4(747 757 758 748)
4(757 767 768 758)
4(767 777 778 768)
4(777 787 788 778)
4(787 797 798 788)
4(797 807 808 798)
4(807 817 818 808)
4(817 827 828 818)
4(827 837 838 828)
4(837 847 848 838)
4(847 857 858 848)
4(857 867 868 858)
4(867 877 878 868)
4(877 887 888 878)
4(887 897 898 888)
4(897 907 908 898)
4(907 917 918 908)
4(917 927 928 918)
4(927 937 938 928)
4(937 947 948 938)
4(947 957 958 948)
4(957 967 968 958)
4(967 977 978 968)
4(977 987 988 978)
4(987 997 998 988)
4(997 1007 1008 998)
4(668 678 679 669)
4(678 688 689 679)
4(688 698 699 689)
4(698 708 709 699)
4(708 718 719 709)
4(718 728 729 719)
4(728 738 739 729)
4(738 748 749 739)
4(748 758 759 749)
4(758 768 769 759)
4(768 778 779 769)
4(778 788 789 779)
4(788 798 799 789)
4(798 808 809 799)
4(808 818 819 809)
4(818 828 829 819)
4(828 838 839 829)
4(838 848 849 839)
4(848 858 859 849)
4(858 868 869 859)
4(868 878 879 869)
4(878 888 889 879)
4(888 898 899 889)
4(898 908 909 899)
4(908 918 919 909)
4(918 928 929 919)
4(928 938 939 929)
4(938 948 949 939)
4(948 958 959 949)
4(958 968 969 959)
4(968 978 979 969)
4(978 988 989 979)
4(988 998 999 989)
4(998 1008 1009 999)
)


// ************************************************************************* //
