/*--------------------------------*- C++ -*----------------------------------*\
| =========                 |                                                 |
| \\      /  F ield         | foam-extend: Open Source CFD                    |
|  \\    /   O peration     | Version:     4.0                                |
|   \\  /    A nd           | Web:         http://www.foam-extend.org         |
|    \\/     M anipulation  |                                                 |
\*---------------------------------------------------------------------------*/
FoamFile
{
    version     2.0;
    format      ascii;
    class       vectorField;
    location    "constant/polyMesh";
    object      points;
}
// * * * * * * * * * * * * * * * * * * * * * * * * * * * * * * * * * * * * * //


1010
(
(5 0 0)
(5.005 0 0)
(5.01 0 0)
(5.015 0 0)
(5.02 0 0)
(5 0.02 0)
(5.005 0.02 0)
(5.01 0.02 0)
(5.015 0.02 0)
(5.02 0.02 0)
(5 0 0.005457823986)
(5.005 0 0.005457823986)
(5.01 0 0.005457823986)
(5.015 0 0.005457823986)
(5.02 0 0.005457823986)
(5 0.02 0.005457823986)
(5.005 0.02 0.005457823986)
(5.01 0.02 0.005457823986)
(5.015 0.02 0.005457823986)
(5.02 0.02 0.005457823986)
(5 0 0.01085775604)
(5.005 0 0.01085775604)
(5.01 0 0.01085775604)
(5.015 0 0.01085775604)
(5.02 0 0.01085775604)
(5 0.02 0.01085775604)
(5.005 0.02 0.01085775604)
(5.01 0.02 0.01085775604)
(5.015 0.02 0.01085775604)
(5.02 0.02 0.01085775604)
(5 0 0.01620041022)
(5.005 0 0.01620041022)
(5.01 0 0.01620041022)
(5.015 0 0.01620041022)
(5.02 0 0.01620041022)
(5 0.02 0.01620041022)
(5.005 0.02 0.01620041022)
(5.01 0.02 0.01620041022)
(5.015 0.02 0.01620041022)
(5.02 0.02 0.01620041022)
(5 0 0.02148639409)
(5.005 0 0.02148639409)
(5.01 0 0.02148639409)
(5.015 0 0.02148639409)
(5.02 0 0.02148639409)
(5 0.02 0.02148639409)
(5.005 0.02 0.02148639409)
(5.01 0.02 0.02148639409)
(5.015 0.02 0.02148639409)
(5.02 0.02 0.02148639409)
(5 0 0.02671630876)
(5.005 0 0.02671630876)
(5.01 0 0.02671630876)
(5.015 0 0.02671630876)
(5.02 0 0.02671630876)
(5 0.02 0.02671630876)
(5.005 0.02 0.02671630876)
(5.01 0.02 0.02671630876)
(5.015 0.02 0.02671630876)
(5.02 0.02 0.02671630876)
(5 0 0.03189074895)
(5.005 0 0.03189074895)
(5.01 0 0.03189074895)
(5.015 0 0.03189074895)
(5.02 0 0.03189074895)
(5 0.02 0.03189074895)
(5.005 0.02 0.03189074895)
(5.01 0.02 0.03189074895)
(5.015 0.02 0.03189074895)
(5.02 0.02 0.03189074895)
(5 0 0.03701030311)
(5.005 0 0.03701030311)
(5.01 0 0.03701030311)
(5.015 0 0.03701030311)
(5.02 0 0.03701030311)
(5 0.02 0.03701030311)
(5.005 0.02 0.03701030311)
(5.01 0.02 0.03701030311)
(5.015 0.02 0.03701030311)
(5.02 0.02 0.03701030311)
(5 0 0.04207555341)
(5.005 0 0.04207555341)
(5.01 0 0.04207555341)
(5.015 0 0.04207555341)
(5.02 0 0.04207555341)
(5 0.02 0.04207555341)
(5.005 0.02 0.04207555341)
(5.01 0.02 0.04207555341)
(5.015 0.02 0.04207555341)
(5.02 0.02 0.04207555341)
(5 0 0.04708707586)
(5.005 0 0.04708707586)
(5.01 0 0.04708707586)
(5.015 0 0.04708707586)
(5.02 0 0.04708707586)
(5 0.02 0.04708707586)
(5.005 0.02 0.04708707586)
(5.01 0.02 0.04708707586)
(5.015 0.02 0.04708707586)
(5.02 0.02 0.04708707586)
(5 0 0.05204544035)
(5.005 0 0.05204544035)
(5.01 0 0.05204544035)
(5.015 0 0.05204544035)
(5.02 0 0.05204544035)
(5 0.02 0.05204544035)
(5.005 0.02 0.05204544035)
(5.01 0.02 0.05204544035)
(5.015 0.02 0.05204544035)
(5.02 0.02 0.05204544035)
(5 0 0.05695121076)
(5.005 0 0.05695121076)
(5.01 0 0.05695121076)
(5.015 0 0.05695121076)
(5.02 0 0.05695121076)
(5 0.02 0.05695121076)
(5.005 0.02 0.05695121076)
(5.01 0.02 0.05695121076)
(5.015 0.02 0.05695121076)
(5.02 0.02 0.05695121076)
(5 0 0.06180494493)
(5.005 0 0.06180494493)
(5.01 0 0.06180494493)
(5.015 0 0.06180494493)
(5.02 0 0.06180494493)
(5 0.02 0.06180494493)
(5.005 0.02 0.06180494493)
(5.01 0.02 0.06180494493)
(5.015 0.02 0.06180494493)
(5.02 0.02 0.06180494493)
(5 0 0.06660719485)
(5.005 0 0.06660719485)
(5.01 0 0.06660719485)
(5.015 0 0.06660719485)
(5.02 0 0.06660719485)
(5 0.02 0.06660719485)
(5.005 0.02 0.06660719485)
(5.01 0.02 0.06660719485)
(5.015 0.02 0.06660719485)
(5.02 0.02 0.06660719485)
(5 0 0.07135850659)
(5.005 0 0.07135850659)
(5.01 0 0.07135850659)
(5.015 0 0.07135850659)
(5.02 0 0.07135850659)
(5 0.02 0.07135850659)
(5.005 0.02 0.07135850659)
(5.01 0.02 0.07135850659)
(5.015 0.02 0.07135850659)
(5.02 0.02 0.07135850659)
(5 0 0.07605942048)
(5.005 0 0.07605942048)
(5.01 0 0.07605942048)
(5.015 0 0.07605942048)
(5.02 0 0.07605942048)
(5 0.02 0.07605942048)
(5.005 0.02 0.07605942048)
(5.01 0.02 0.07605942048)
(5.015 0.02 0.07605942048)
(5.02 0.02 0.07605942048)
(5 0 0.08071047109)
(5.005 0 0.08071047109)
(5.01 0 0.08071047109)
(5.015 0 0.08071047109)
(5.02 0 0.08071047109)
(5 0.02 0.08071047109)
(5.005 0.02 0.08071047109)
(5.01 0.02 0.08071047109)
(5.015 0.02 0.08071047109)
(5.02 0.02 0.08071047109)
(5 0 0.08531218732)
(5.005 0 0.08531218732)
(5.01 0 0.08531218732)
(5.015 0 0.08531218732)
(5.02 0 0.08531218732)
(5 0.02 0.08531218732)
(5.005 0.02 0.08531218732)
(5.01 0.02 0.08531218732)
(5.015 0.02 0.08531218732)
(5.02 0.02 0.08531218732)
(5 0 0.08986509248)
(5.005 0 0.08986509248)
(5.01 0 0.08986509248)
(5.015 0 0.08986509248)
(5.02 0 0.08986509248)
(5 0.02 0.08986509248)
(5.005 0.02 0.08986509248)
(5.01 0.02 0.08986509248)
(5.015 0.02 0.08986509248)
(5.02 0.02 0.08986509248)
(5 0 0.09436970431)
(5.005 0 0.09436970431)
(5.01 0 0.09436970431)
(5.015 0 0.09436970431)
(5.02 0 0.09436970431)
(5 0.02 0.09436970431)
(5.005 0.02 0.09436970431)
(5.01 0.02 0.09436970431)
(5.015 0.02 0.09436970431)
(5.02 0.02 0.09436970431)
(5 0 0.09882653507)
(5.005 0 0.09882653507)
(5.01 0 0.09882653507)
(5.015 0 0.09882653507)
(5.02 0 0.09882653507)
(5 0.02 0.09882653507)
(5.005 0.02 0.09882653507)
(5.01 0.02 0.09882653507)
(5.015 0.02 0.09882653507)
(5.02 0.02 0.09882653507)
(5 0 0.1032360916)
(5.005 0 0.1032360916)
(5.01 0 0.1032360916)
(5.015 0 0.1032360916)
(5.02 0 0.1032360916)
(5 0.02 0.1032360916)
(5.005 0.02 0.1032360916)
(5.01 0.02 0.1032360916)
(5.015 0.02 0.1032360916)
(5.02 0.02 0.1032360916)
(5 0 0.1075988753)
(5.005 0 0.1075988753)
(5.01 0 0.1075988753)
(5.015 0 0.1075988753)
(5.02 0 0.1075988753)
(5 0.02 0.1075988753)
(5.005 0.02 0.1075988753)
(5.01 0.02 0.1075988753)
(5.015 0.02 0.1075988753)
(5.02 0.02 0.1075988753)
(5 0 0.1119153823)
(5.005 0 0.1119153823)
(5.01 0 0.1119153823)
(5.015 0 0.1119153823)
(5.02 0 0.1119153823)
(5 0.02 0.1119153823)
(5.005 0.02 0.1119153823)
(5.01 0.02 0.1119153823)
(5.015 0.02 0.1119153823)
(5.02 0.02 0.1119153823)
(5 0 0.1161861034)
(5.005 0 0.1161861034)
(5.01 0 0.1161861034)
(5.015 0 0.1161861034)
(5.02 0 0.1161861034)
(5 0.02 0.1161861034)
(5.005 0.02 0.1161861034)
(5.01 0.02 0.1161861034)
(5.015 0.02 0.1161861034)
(5.02 0.02 0.1161861034)
(5 0 0.1204115245)
(5.005 0 0.1204115245)
(5.01 0 0.1204115245)
(5.015 0 0.1204115245)
(5.02 0 0.1204115245)
(5 0.02 0.1204115245)
(5.005 0.02 0.1204115245)
(5.01 0.02 0.1204115245)
(5.015 0.02 0.1204115245)
(5.02 0.02 0.1204115245)
(5 0 0.1245921258)
(5.005 0 0.1245921258)
(5.01 0 0.1245921258)
(5.015 0 0.1245921258)
(5.02 0 0.1245921258)
(5 0.02 0.1245921258)
(5.005 0.02 0.1245921258)
(5.01 0.02 0.1245921258)
(5.015 0.02 0.1245921258)
(5.02 0.02 0.1245921258)
(5 0 0.128728383)
(5.005 0 0.128728383)
(5.01 0 0.128728383)
(5.015 0 0.128728383)
(5.02 0 0.128728383)
(5 0.02 0.128728383)
(5.005 0.02 0.128728383)
(5.01 0.02 0.128728383)
(5.015 0.02 0.128728383)
(5.02 0.02 0.128728383)
(5 0 0.1328207662)
(5.005 0 0.1328207662)
(5.01 0 0.1328207662)
(5.015 0 0.1328207662)
(5.02 0 0.1328207662)
(5 0.02 0.1328207662)
(5.005 0.02 0.1328207662)
(5.01 0.02 0.1328207662)
(5.015 0.02 0.1328207662)
(5.02 0.02 0.1328207662)
(5 0 0.1368697409)
(5.005 0 0.1368697409)
(5.01 0 0.1368697409)
(5.015 0 0.1368697409)
(5.02 0 0.1368697409)
(5 0.02 0.1368697409)
(5.005 0.02 0.1368697409)
(5.01 0.02 0.1368697409)
(5.015 0.02 0.1368697409)
(5.02 0.02 0.1368697409)
(5 0 0.1408757676)
(5.005 0 0.1408757676)
(5.01 0 0.1408757676)
(5.015 0 0.1408757676)
(5.02 0 0.1408757676)
(5 0.02 0.1408757676)
(5.005 0.02 0.1408757676)
(5.01 0.02 0.1408757676)
(5.015 0.02 0.1408757676)
(5.02 0.02 0.1408757676)
(5 0 0.1448393017)
(5.005 0 0.1448393017)
(5.01 0 0.1448393017)
(5.015 0 0.1448393017)
(5.02 0 0.1448393017)
(5 0.02 0.1448393017)
(5.005 0.02 0.1448393017)
(5.01 0.02 0.1448393017)
(5.015 0.02 0.1448393017)
(5.02 0.02 0.1448393017)
(5 0 0.1487607941)
(5.005 0 0.1487607941)
(5.01 0 0.1487607941)
(5.015 0 0.1487607941)
(5.02 0 0.1487607941)
(5 0.02 0.1487607941)
(5.005 0.02 0.1487607941)
(5.01 0.02 0.1487607941)
(5.015 0.02 0.1487607941)
(5.02 0.02 0.1487607941)
(5 0 0.1526406906)
(5.005 0 0.1526406906)
(5.01 0 0.1526406906)
(5.015 0 0.1526406906)
(5.02 0 0.1526406906)
(5 0.02 0.1526406906)
(5.005 0.02 0.1526406906)
(5.01 0.02 0.1526406906)
(5.015 0.02 0.1526406906)
(5.02 0.02 0.1526406906)
(5 0 0.1564794325)
(5.005 0 0.1564794325)
(5.01 0 0.1564794325)
(5.015 0 0.1564794325)
(5.02 0 0.1564794325)
(5 0.02 0.1564794325)
(5.005 0.02 0.1564794325)
(5.01 0.02 0.1564794325)
(5.015 0.02 0.1564794325)
(5.02 0.02 0.1564794325)
(5 0 0.1602774563)
(5.005 0 0.1602774563)
(5.01 0 0.1602774563)
(5.015 0 0.1602774563)
(5.02 0 0.1602774563)
(5 0.02 0.1602774563)
(5.005 0.02 0.1602774563)
(5.01 0.02 0.1602774563)
(5.015 0.02 0.1602774563)
(5.02 0.02 0.1602774563)
(5 0 0.1640351939)
(5.005 0 0.1640351939)
(5.01 0 0.1640351939)
(5.015 0 0.1640351939)
(5.02 0 0.1640351939)
(5 0.02 0.1640351939)
(5.005 0.02 0.1640351939)
(5.01 0.02 0.1640351939)
(5.015 0.02 0.1640351939)
(5.02 0.02 0.1640351939)
(5 0 0.1677530726)
(5.005 0 0.1677530726)
(5.01 0 0.1677530726)
(5.015 0 0.1677530726)
(5.02 0 0.1677530726)
(5 0.02 0.1677530726)
(5.005 0.02 0.1677530726)
(5.01 0.02 0.1677530726)
(5.015 0.02 0.1677530726)
(5.02 0.02 0.1677530726)
(5 0 0.1714315153)
(5.005 0 0.1714315153)
(5.01 0 0.1714315153)
(5.015 0 0.1714315153)
(5.02 0 0.1714315153)
(5 0.02 0.1714315153)
(5.005 0.02 0.1714315153)
(5.01 0.02 0.1714315153)
(5.015 0.02 0.1714315153)
(5.02 0.02 0.1714315153)
(5 0 0.1750709402)
(5.005 0 0.1750709402)
(5.01 0 0.1750709402)
(5.015 0 0.1750709402)
(5.02 0 0.1750709402)
(5 0.02 0.1750709402)
(5.005 0.02 0.1750709402)
(5.01 0.02 0.1750709402)
(5.015 0.02 0.1750709402)
(5.02 0.02 0.1750709402)
(5 0 0.1786717611)
(5.005 0 0.1786717611)
(5.01 0 0.1786717611)
(5.015 0 0.1786717611)
(5.02 0 0.1786717611)
(5 0.02 0.1786717611)
(5.005 0.02 0.1786717611)
(5.01 0.02 0.1786717611)
(5.015 0.02 0.1786717611)
(5.02 0.02 0.1786717611)
(5 0 0.1822343877)
(5.005 0 0.1822343877)
(5.01 0 0.1822343877)
(5.015 0 0.1822343877)
(5.02 0 0.1822343877)
(5 0.02 0.1822343877)
(5.005 0.02 0.1822343877)
(5.01 0.02 0.1822343877)
(5.015 0.02 0.1822343877)
(5.02 0.02 0.1822343877)
(5 0 0.1857592249)
(5.005 0 0.1857592249)
(5.01 0 0.1857592249)
(5.015 0 0.1857592249)
(5.02 0 0.1857592249)
(5 0.02 0.1857592249)
(5.005 0.02 0.1857592249)
(5.01 0.02 0.1857592249)
(5.015 0.02 0.1857592249)
(5.02 0.02 0.1857592249)
(5 0 0.1892466737)
(5.005 0 0.1892466737)
(5.01 0 0.1892466737)
(5.015 0 0.1892466737)
(5.02 0 0.1892466737)
(5 0.02 0.1892466737)
(5.005 0.02 0.1892466737)
(5.01 0.02 0.1892466737)
(5.015 0.02 0.1892466737)
(5.02 0.02 0.1892466737)
(5 0 0.1926971306)
(5.005 0 0.1926971306)
(5.01 0 0.1926971306)
(5.015 0 0.1926971306)
(5.02 0 0.1926971306)
(5 0.02 0.1926971306)
(5.005 0.02 0.1926971306)
(5.01 0.02 0.1926971306)
(5.015 0.02 0.1926971306)
(5.02 0.02 0.1926971306)
(5 0 0.1961109879)
(5.005 0 0.1961109879)
(5.01 0 0.1961109879)
(5.015 0 0.1961109879)
(5.02 0 0.1961109879)
(5 0.02 0.1961109879)
(5.005 0.02 0.1961109879)
(5.01 0.02 0.1961109879)
(5.015 0.02 0.1961109879)
(5.02 0.02 0.1961109879)
(5 0 0.199488634)
(5.005 0 0.199488634)
(5.01 0 0.199488634)
(5.015 0 0.199488634)
(5.02 0 0.199488634)
(5 0.02 0.199488634)
(5.005 0.02 0.199488634)
(5.01 0.02 0.199488634)
(5.015 0.02 0.199488634)
(5.02 0.02 0.199488634)
(5 0 0.202830453)
(5.005 0 0.202830453)
(5.01 0 0.202830453)
(5.015 0 0.202830453)
(5.02 0 0.202830453)
(5 0.02 0.202830453)
(5.005 0.02 0.202830453)
(5.01 0.02 0.202830453)
(5.015 0.02 0.202830453)
(5.02 0.02 0.202830453)
(5 0 0.2061368247)
(5.005 0 0.2061368247)
(5.01 0 0.2061368247)
(5.015 0 0.2061368247)
(5.02 0 0.2061368247)
(5 0.02 0.2061368247)
(5.005 0.02 0.2061368247)
(5.01 0.02 0.2061368247)
(5.015 0.02 0.2061368247)
(5.02 0.02 0.2061368247)
(5 0 0.2094081253)
(5.005 0 0.2094081253)
(5.01 0 0.2094081253)
(5.015 0 0.2094081253)
(5.02 0 0.2094081253)
(5 0.02 0.2094081253)
(5.005 0.02 0.2094081253)
(5.01 0.02 0.2094081253)
(5.015 0.02 0.2094081253)
(5.02 0.02 0.2094081253)
(5 0 0.2126447267)
(5.005 0 0.2126447267)
(5.01 0 0.2126447267)
(5.015 0 0.2126447267)
(5.02 0 0.2126447267)
(5 0.02 0.2126447267)
(5.005 0.02 0.2126447267)
(5.01 0.02 0.2126447267)
(5.015 0.02 0.2126447267)
(5.02 0.02 0.2126447267)
(5 0 0.2158469971)
(5.005 0 0.2158469971)
(5.01 0 0.2158469971)
(5.015 0 0.2158469971)
(5.02 0 0.2158469971)
(5 0.02 0.2158469971)
(5.005 0.02 0.2158469971)
(5.01 0.02 0.2158469971)
(5.015 0.02 0.2158469971)
(5.02 0.02 0.2158469971)
(5 0 0.2190153004)
(5.005 0 0.2190153004)
(5.01 0 0.2190153004)
(5.015 0 0.2190153004)
(5.02 0 0.2190153004)
(5 0.02 0.2190153004)
(5.005 0.02 0.2190153004)
(5.01 0.02 0.2190153004)
(5.015 0.02 0.2190153004)
(5.02 0.02 0.2190153004)
(5 0 0.2221499971)
(5.005 0 0.2221499971)
(5.01 0 0.2221499971)
(5.015 0 0.2221499971)
(5.02 0 0.2221499971)
(5 0.02 0.2221499971)
(5.005 0.02 0.2221499971)
(5.01 0.02 0.2221499971)
(5.015 0.02 0.2221499971)
(5.02 0.02 0.2221499971)
(5 0 0.2252514437)
(5.005 0 0.2252514437)
(5.01 0 0.2252514437)
(5.015 0 0.2252514437)
(5.02 0 0.2252514437)
(5 0.02 0.2252514437)
(5.005 0.02 0.2252514437)
(5.01 0.02 0.2252514437)
(5.015 0.02 0.2252514437)
(5.02 0.02 0.2252514437)
(5 0 0.2283199927)
(5.005 0 0.2283199927)
(5.01 0 0.2283199927)
(5.015 0 0.2283199927)
(5.02 0 0.2283199927)
(5 0.02 0.2283199927)
(5.005 0.02 0.2283199927)
(5.01 0.02 0.2283199927)
(5.015 0.02 0.2283199927)
(5.02 0.02 0.2283199927)
(5 0 0.2313559932)
(5.005 0 0.2313559932)
(5.01 0 0.2313559932)
(5.015 0 0.2313559932)
(5.02 0 0.2313559932)
(5 0.02 0.2313559932)
(5.005 0.02 0.2313559932)
(5.01 0.02 0.2313559932)
(5.015 0.02 0.2313559932)
(5.02 0.02 0.2313559932)
(5 0 0.2343597904)
(5.005 0 0.2343597904)
(5.01 0 0.2343597904)
(5.015 0 0.2343597904)
(5.02 0 0.2343597904)
(5 0.02 0.2343597904)
(5.005 0.02 0.2343597904)
(5.01 0.02 0.2343597904)
(5.015 0.02 0.2343597904)
(5.02 0.02 0.2343597904)
(5 0 0.2373317259)
(5.005 0 0.2373317259)
(5.01 0 0.2373317259)
(5.015 0 0.2373317259)
(5.02 0 0.2373317259)
(5 0.02 0.2373317259)
(5.005 0.02 0.2373317259)
(5.01 0.02 0.2373317259)
(5.015 0.02 0.2373317259)
(5.02 0.02 0.2373317259)
(5 0 0.2402721376)
(5.005 0 0.2402721376)
(5.01 0 0.2402721376)
(5.015 0 0.2402721376)
(5.02 0 0.2402721376)
(5 0.02 0.2402721376)
(5.005 0.02 0.2402721376)
(5.01 0.02 0.2402721376)
(5.015 0.02 0.2402721376)
(5.02 0.02 0.2402721376)
(5 0 0.2431813599)
(5.005 0 0.2431813599)
(5.01 0 0.2431813599)
(5.015 0 0.2431813599)
(5.02 0 0.2431813599)
(5 0.02 0.2431813599)
(5.005 0.02 0.2431813599)
(5.01 0.02 0.2431813599)
(5.015 0.02 0.2431813599)
(5.02 0.02 0.2431813599)
(5 0 0.2460597237)
(5.005 0 0.2460597237)
(5.01 0 0.2460597237)
(5.015 0 0.2460597237)
(5.02 0 0.2460597237)
(5 0.02 0.2460597237)
(5.005 0.02 0.2460597237)
(5.01 0.02 0.2460597237)
(5.015 0.02 0.2460597237)
(5.02 0.02 0.2460597237)
(5 0 0.2489075563)
(5.005 0 0.2489075563)
(5.01 0 0.2489075563)
(5.015 0 0.2489075563)
(5.02 0 0.2489075563)
(5 0.02 0.2489075563)
(5.005 0.02 0.2489075563)
(5.01 0.02 0.2489075563)
(5.015 0.02 0.2489075563)
(5.02 0.02 0.2489075563)
(5 0 0.2517251815)
(5.005 0 0.2517251815)
(5.01 0 0.2517251815)
(5.015 0 0.2517251815)
(5.02 0 0.2517251815)
(5 0.02 0.2517251815)
(5.005 0.02 0.2517251815)
(5.01 0.02 0.2517251815)
(5.015 0.02 0.2517251815)
(5.02 0.02 0.2517251815)
(5 0 0.2545129197)
(5.005 0 0.2545129197)
(5.01 0 0.2545129197)
(5.015 0 0.2545129197)
(5.02 0 0.2545129197)
(5 0.02 0.2545129197)
(5.005 0.02 0.2545129197)
(5.01 0.02 0.2545129197)
(5.015 0.02 0.2545129197)
(5.02 0.02 0.2545129197)
(5 0 0.257271088)
(5.005 0 0.257271088)
(5.01 0 0.257271088)
(5.015 0 0.257271088)
(5.02 0 0.257271088)
(5 0.02 0.257271088)
(5.005 0.02 0.257271088)
(5.01 0.02 0.257271088)
(5.015 0.02 0.257271088)
(5.02 0.02 0.257271088)
(5 0 0.26)
(5.005 0 0.26)
(5.01 0 0.26)
(5.015 0 0.26)
(5.02 0 0.26)
(5 0.02 0.26)
(5.005 0.02 0.26)
(5.01 0.02 0.26)
(5.015 0.02 0.26)
(5.02 0.02 0.26)
(5 0 0.2626470588)
(5.005 0 0.2626470588)
(5.01 0 0.2626470588)
(5.015 0 0.2626470588)
(5.02 0 0.2626470588)
(5 0.02 0.2626470588)
(5.005 0.02 0.2626470588)
(5.01 0.02 0.2626470588)
(5.015 0.02 0.2626470588)
(5.02 0.02 0.2626470588)
(5 0 0.2652941176)
(5.005 0 0.2652941176)
(5.01 0 0.2652941176)
(5.015 0 0.2652941176)
(5.02 0 0.2652941176)
(5 0.02 0.2652941176)
(5.005 0.02 0.2652941176)
(5.01 0.02 0.2652941176)
(5.015 0.02 0.2652941176)
(5.02 0.02 0.2652941176)
(5 0 0.2679411765)
(5.005 0 0.2679411765)
(5.01 0 0.2679411765)
(5.015 0 0.2679411765)
(5.02 0 0.2679411765)
(5 0.02 0.2679411765)
(5.005 0.02 0.2679411765)
(5.01 0.02 0.2679411765)
(5.015 0.02 0.2679411765)
(5.02 0.02 0.2679411765)
(5 0 0.2705882353)
(5.005 0 0.2705882353)
(5.01 0 0.2705882353)
(5.015 0 0.2705882353)
(5.02 0 0.2705882353)
(5 0.02 0.2705882353)
(5.005 0.02 0.2705882353)
(5.01 0.02 0.2705882353)
(5.015 0.02 0.2705882353)
(5.02 0.02 0.2705882353)
(5 0 0.2732352941)
(5.005 0 0.2732352941)
(5.01 0 0.2732352941)
(5.015 0 0.2732352941)
(5.02 0 0.2732352941)
(5 0.02 0.2732352941)
(5.005 0.02 0.2732352941)
(5.01 0.02 0.2732352941)
(5.015 0.02 0.2732352941)
(5.02 0.02 0.2732352941)
(5 0 0.2758823529)
(5.005 0 0.2758823529)
(5.01 0 0.2758823529)
(5.015 0 0.2758823529)
(5.02 0 0.2758823529)
(5 0.02 0.2758823529)
(5.005 0.02 0.2758823529)
(5.01 0.02 0.2758823529)
(5.015 0.02 0.2758823529)
(5.02 0.02 0.2758823529)
(5 0 0.2785294118)
(5.005 0 0.2785294118)
(5.01 0 0.2785294118)
(5.015 0 0.2785294118)
(5.02 0 0.2785294118)
(5 0.02 0.2785294118)
(5.005 0.02 0.2785294118)
(5.01 0.02 0.2785294118)
(5.015 0.02 0.2785294118)
(5.02 0.02 0.2785294118)
(5 0 0.2811764706)
(5.005 0 0.2811764706)
(5.01 0 0.2811764706)
(5.015 0 0.2811764706)
(5.02 0 0.2811764706)
(5 0.02 0.2811764706)
(5.005 0.02 0.2811764706)
(5.01 0.02 0.2811764706)
(5.015 0.02 0.2811764706)
(5.02 0.02 0.2811764706)
(5 0 0.2838235294)
(5.005 0 0.2838235294)
(5.01 0 0.2838235294)
(5.015 0 0.2838235294)
(5.02 0 0.2838235294)
(5 0.02 0.2838235294)
(5.005 0.02 0.2838235294)
(5.01 0.02 0.2838235294)
(5.015 0.02 0.2838235294)
(5.02 0.02 0.2838235294)
(5 0 0.2864705882)
(5.005 0 0.2864705882)
(5.01 0 0.2864705882)
(5.015 0 0.2864705882)
(5.02 0 0.2864705882)
(5 0.02 0.2864705882)
(5.005 0.02 0.2864705882)
(5.01 0.02 0.2864705882)
(5.015 0.02 0.2864705882)
(5.02 0.02 0.2864705882)
(5 0 0.2891176471)
(5.005 0 0.2891176471)
(5.01 0 0.2891176471)
(5.015 0 0.2891176471)
(5.02 0 0.2891176471)
(5 0.02 0.2891176471)
(5.005 0.02 0.2891176471)
(5.01 0.02 0.2891176471)
(5.015 0.02 0.2891176471)
(5.02 0.02 0.2891176471)
(5 0 0.2917647059)
(5.005 0 0.2917647059)
(5.01 0 0.2917647059)
(5.015 0 0.2917647059)
(5.02 0 0.2917647059)
(5 0.02 0.2917647059)
(5.005 0.02 0.2917647059)
(5.01 0.02 0.2917647059)
(5.015 0.02 0.2917647059)
(5.02 0.02 0.2917647059)
(5 0 0.2944117647)
(5.005 0 0.2944117647)
(5.01 0 0.2944117647)
(5.015 0 0.2944117647)
(5.02 0 0.2944117647)
(5 0.02 0.2944117647)
(5.005 0.02 0.2944117647)
(5.01 0.02 0.2944117647)
(5.015 0.02 0.2944117647)
(5.02 0.02 0.2944117647)
(5 0 0.2970588235)
(5.005 0 0.2970588235)
(5.01 0 0.2970588235)
(5.015 0 0.2970588235)
(5.02 0 0.2970588235)
(5 0.02 0.2970588235)
(5.005 0.02 0.2970588235)
(5.01 0.02 0.2970588235)
(5.015 0.02 0.2970588235)
(5.02 0.02 0.2970588235)
(5 0 0.2997058824)
(5.005 0 0.2997058824)
(5.01 0 0.2997058824)
(5.015 0 0.2997058824)
(5.02 0 0.2997058824)
(5 0.02 0.2997058824)
(5.005 0.02 0.2997058824)
(5.01 0.02 0.2997058824)
(5.015 0.02 0.2997058824)
(5.02 0.02 0.2997058824)
(5 0 0.3023529412)
(5.005 0 0.3023529412)
(5.01 0 0.3023529412)
(5.015 0 0.3023529412)
(5.02 0 0.3023529412)
(5 0.02 0.3023529412)
(5.005 0.02 0.3023529412)
(5.01 0.02 0.3023529412)
(5.015 0.02 0.3023529412)
(5.02 0.02 0.3023529412)
(5 0 0.305)
(5.005 0 0.305)
(5.01 0 0.305)
(5.015 0 0.305)
(5.02 0 0.305)
(5 0.02 0.305)
(5.005 0.02 0.305)
(5.01 0.02 0.305)
(5.015 0.02 0.305)
(5.02 0.02 0.305)
(5 0 0.3076470588)
(5.005 0 0.3076470588)
(5.01 0 0.3076470588)
(5.015 0 0.3076470588)
(5.02 0 0.3076470588)
(5 0.02 0.3076470588)
(5.005 0.02 0.3076470588)
(5.01 0.02 0.3076470588)
(5.015 0.02 0.3076470588)
(5.02 0.02 0.3076470588)
(5 0 0.3102941176)
(5.005 0 0.3102941176)
(5.01 0 0.3102941176)
(5.015 0 0.3102941176)
(5.02 0 0.3102941176)
(5 0.02 0.3102941176)
(5.005 0.02 0.3102941176)
(5.01 0.02 0.3102941176)
(5.015 0.02 0.3102941176)
(5.02 0.02 0.3102941176)
(5 0 0.3129411765)
(5.005 0 0.3129411765)
(5.01 0 0.3129411765)
(5.015 0 0.3129411765)
(5.02 0 0.3129411765)
(5 0.02 0.3129411765)
(5.005 0.02 0.3129411765)
(5.01 0.02 0.3129411765)
(5.015 0.02 0.3129411765)
(5.02 0.02 0.3129411765)
(5 0 0.3155882353)
(5.005 0 0.3155882353)
(5.01 0 0.3155882353)
(5.015 0 0.3155882353)
(5.02 0 0.3155882353)
(5 0.02 0.3155882353)
(5.005 0.02 0.3155882353)
(5.01 0.02 0.3155882353)
(5.015 0.02 0.3155882353)
(5.02 0.02 0.3155882353)
(5 0 0.3182352941)
(5.005 0 0.3182352941)
(5.01 0 0.3182352941)
(5.015 0 0.3182352941)
(5.02 0 0.3182352941)
(5 0.02 0.3182352941)
(5.005 0.02 0.3182352941)
(5.01 0.02 0.3182352941)
(5.015 0.02 0.3182352941)
(5.02 0.02 0.3182352941)
(5 0 0.3208823529)
(5.005 0 0.3208823529)
(5.01 0 0.3208823529)
(5.015 0 0.3208823529)
(5.02 0 0.3208823529)
(5 0.02 0.3208823529)
(5.005 0.02 0.3208823529)
(5.01 0.02 0.3208823529)
(5.015 0.02 0.3208823529)
(5.02 0.02 0.3208823529)
(5 0 0.3235294118)
(5.005 0 0.3235294118)
(5.01 0 0.3235294118)
(5.015 0 0.3235294118)
(5.02 0 0.3235294118)
(5 0.02 0.3235294118)
(5.005 0.02 0.3235294118)
(5.01 0.02 0.3235294118)
(5.015 0.02 0.3235294118)
(5.02 0.02 0.3235294118)
(5 0 0.3261764706)
(5.005 0 0.3261764706)
(5.01 0 0.3261764706)
(5.015 0 0.3261764706)
(5.02 0 0.3261764706)
(5 0.02 0.3261764706)
(5.005 0.02 0.3261764706)
(5.01 0.02 0.3261764706)
(5.015 0.02 0.3261764706)
(5.02 0.02 0.3261764706)
(5 0 0.3288235294)
(5.005 0 0.3288235294)
(5.01 0 0.3288235294)
(5.015 0 0.3288235294)
(5.02 0 0.3288235294)
(5 0.02 0.3288235294)
(5.005 0.02 0.3288235294)
(5.01 0.02 0.3288235294)
(5.015 0.02 0.3288235294)
(5.02 0.02 0.3288235294)
(5 0 0.3314705882)
(5.005 0 0.3314705882)
(5.01 0 0.3314705882)
(5.015 0 0.3314705882)
(5.02 0 0.3314705882)
(5 0.02 0.3314705882)
(5.005 0.02 0.3314705882)
(5.01 0.02 0.3314705882)
(5.015 0.02 0.3314705882)
(5.02 0.02 0.3314705882)
(5 0 0.3341176471)
(5.005 0 0.3341176471)
(5.01 0 0.3341176471)
(5.015 0 0.3341176471)
(5.02 0 0.3341176471)
(5 0.02 0.3341176471)
(5.005 0.02 0.3341176471)
(5.01 0.02 0.3341176471)
(5.015 0.02 0.3341176471)
(5.02 0.02 0.3341176471)
(5 0 0.3367647059)
(5.005 0 0.3367647059)
(5.01 0 0.3367647059)
(5.015 0 0.3367647059)
(5.02 0 0.3367647059)
(5 0.02 0.3367647059)
(5.005 0.02 0.3367647059)
(5.01 0.02 0.3367647059)
(5.015 0.02 0.3367647059)
(5.02 0.02 0.3367647059)
(5 0 0.3394117647)
(5.005 0 0.3394117647)
(5.01 0 0.3394117647)
(5.015 0 0.3394117647)
(5.02 0 0.3394117647)
(5 0.02 0.3394117647)
(5.005 0.02 0.3394117647)
(5.01 0.02 0.3394117647)
(5.015 0.02 0.3394117647)
(5.02 0.02 0.3394117647)
(5 0 0.3420588235)
(5.005 0 0.3420588235)
(5.01 0 0.3420588235)
(5.015 0 0.3420588235)
(5.02 0 0.3420588235)
(5 0.02 0.3420588235)
(5.005 0.02 0.3420588235)
(5.01 0.02 0.3420588235)
(5.015 0.02 0.3420588235)
(5.02 0.02 0.3420588235)
(5 0 0.3447058824)
(5.005 0 0.3447058824)
(5.01 0 0.3447058824)
(5.015 0 0.3447058824)
(5.02 0 0.3447058824)
(5 0.02 0.3447058824)
(5.005 0.02 0.3447058824)
(5.01 0.02 0.3447058824)
(5.015 0.02 0.3447058824)
(5.02 0.02 0.3447058824)
(5 0 0.3473529412)
(5.005 0 0.3473529412)
(5.01 0 0.3473529412)
(5.015 0 0.3473529412)
(5.02 0 0.3473529412)
(5 0.02 0.3473529412)
(5.005 0.02 0.3473529412)
(5.01 0.02 0.3473529412)
(5.015 0.02 0.3473529412)
(5.02 0.02 0.3473529412)
(5 0 0.35)
(5.005 0 0.35)
(5.01 0 0.35)
(5.015 0 0.35)
(5.02 0 0.35)
(5 0.02 0.35)
(5.005 0.02 0.35)
(5.01 0.02 0.35)
(5.015 0.02 0.35)
(5.02 0.02 0.35)
)


// ************************************************************************* //
